27
15
7
000
1
0
0
0
1
3
8
14
21
23
11
6
3
0
0
0
3
0
12
18
22
11
7
6
3
1
0
0
0
2
20
22
17
15
25
15
5
0
0
1
1
3
14
19
31
28
16
11
4
0
0
1
1
3
12
15
17
13
15
4
0
2
0
3
2
10
12
19
24
16
21
9
5
0
0
1
1
8
18
19
20
17
9
16
4
0
0
2
0
10
14
16
14
8
14
10
5
0
0
0
0
3
14
15
17
27
18
14
8
0
0
0
1
3
14
15
13
25
26
13
1
1
0
0
1
0
23
18
19
24
22
18
0
0
0
0
2
5
9
17
15
16
18
12
6
0
0
0
3
7
15
7
19
23
20
5
2
0
0
0
5
4
14
16
16
17
16
12
7
2
1
1
1
10
13
15
7
14
16
17
2
0
0
1
3
4
9
7
18
17
22
11
3
2
0
0
3
5
13
10
20
16
21
8
1
0
0
0
0
5
13
25
22
22
7
10
10
1
0
2
3
0
13
14
24
21
16
14
7
1
0
0
0
0
7
12
28
23
22
7
11
0
0
0
4
4
16
13
26
16
21
7
4
1
0
0
0
10
11
15
20
21
18
20
4
2
0
0
1
10
11
27
18
14
16
8
13
0
0
0
1
4
12
19
12
25
12
18
4
0
0
0
1
3
11
12
26
17
17
13
11
0
0
0
1
2
5
14
23
20
19
12
6
0
0
0
0
10
23
14
22
28
14
18
1
0
0
1
3
1
8
18
25
21
25
6
2
1
0
0
4
12
8
15
17
18
18
13
3
0
0
0
0
9
12
3
6
16
12
14
2
1
0
0
1
2
11
23
14
10
5
9
2
0
0
0
1
2
9
20
22
22
16
9
1
2
0
0
3
4
12
19
23
14
7
9
3
0
0
0
0
12
12
19
18
8
14
3
3
0
0
0
7
15
18
24
21
21
15
9
12
0
0
0
0
10
7
11
23
17
24
11
9
0
0
0
1
3
10
22
12
22
23
6
10
0
0
0
0
0
18
23
22
16
6
7
4
0
0
0
4
7
3
14
13
3
12
12
4
0
0
0
0
6
12
14
14
17
12
9
1
1
0
3
0
2
8
20
13
16
13
11
3
1
1
0
0
4
7
12
22
19
19
12
6
2
0
0
0
0
13
23
11
12
14
7
3
0
0
0
2
6
6
7
17
23
14
11
1
0
0
0
2
10
7
19
18
21
10
4
4
0
0
1
3
4
6
15
12
15
14
11
000
000
000
0
1
2
15
14
17
14
20
16
5
0
0
0
1
1
5
12
11
14
17
5
6
1
0
0
2
8
12
19
17
15
16
15
5
2
0
0
2
6
13
21
20
16
14
10
5
2
0
0
0
4
9
25
22
24
20
12
12
0
0
1
2
4
18
27
20
17
18
8
6
1
0
0
0
0
6
20
16
13
12
14
7
2
0
1
1
12
14
16
19
24
25
14
5
0
0
0
1
3
18
12
11
9
10
9
6
0
0
1
0
3
11
21
17
18
13
14
5
2
0
0
1
8
10
11
19
19
17
13
2
0
0
0
0
9
18
11
20
16
17
8
11
1
0
0
2
3
10
20
19
24
24
14
5
0
0
1
3
10
9
13
22
14
9
9
5
0
0
0
2
12
15
13
9
18
13
16
7
1
0
0
3
2
9
12
26
15
10
24
5
1
1
0
0
1
6
19
9
16
22
11
